quarter_number,Very Good,Good,Okay,Bad,Very Bad
1,30,28.7097,19.0323,11.2903,10.9677
2,28.626,22.1374,20.229,14.1221,14.8855
3,16.5939,20.9607,21.8341,22.7074,17.9039
4,10.0503,10.0503,20.1005,29.1457,30.6533
,,,,,
,,,,,
quarter_number,1,2,3,4,
Very Good,30,28.626,16.5939,10.0503,
Good,28.7097,22.1374,20.9607,10.0503,
Okay,19.0323,20.229,21.8341,20.1005,
Bad,11.2903,14.1221,22.7074,29.1457,
Very Bad,10.9677,14.8855,17.9039,30.6533,
